== silence top-10 note heads (10 heads)
doc 44 | gold 'illnesses' | hop-1 note 'The Wailing'
  no ablation            -> 'The Wailing'
  silence [(29, 1), (30, 3), (29, 4), (27, 1), (29, 2), (28, 10), (30, 11), (27, 7), (25, 14), (28, 4)]       -> 'South Korean horror film'
  silence random [(24, 13), (2, 8), (32, 15), (25, 9), (30, 11), (13, 4), (18, 4), (6, 8), (34, 4), (19, 3)] -> 'a series of mysterious killings'
== silence top-25 note heads (25 heads)
doc 44 | gold 'illnesses' | hop-1 note 'The Wailing'
  no ablation            -> 'The Wailing'
  silence [(29, 1), (30, 3), (29, 4), (27, 1), (29, 2), (28, 10), (30, 11), (27, 7), (25, 14), (28, 4), (31, 8), (29, 5), (33, 11), (27, 4), (31, 15), (32, 7), (32, 3), (31, 12), (26, 5), (31, 5), (25, 2), (27, 2), (26, 12), (26, 7), (27, 12)]       -> 'a policeman investigations mysterious killings'
  silence random [(24, 13), (2, 8), (32, 15), (25, 9), (30, 11), (13, 4), (18, 4), (6, 8), (34, 4), (19, 3), (4, 10), (30, 3), (22, 13), (20, 6), (35, 15), (28, 8), (3, 0), (5, 12), (0, 15), (21, 7), (20, 2), (12, 7), (15, 4), (34, 14), (5, 2)] -> 'a series of mysterious killings and illnesses'
== silence all 64 heads of layers 28-31 (64 heads)
doc 44 | gold 'illnesses' | hop-1 note 'The Wailing'
  no ablation            -> 'The Wailing'
  silence [(28, 0), (28, 1), (28, 2), (28, 3), (28, 4), (28, 5), (28, 6), (28, 7), (28, 8), (28, 9), (28, 10), (28, 11), (28, 12), (28, 13), (28, 14), (28, 15), (29, 0), (29, 1), (29, 2), (29, 3), (29, 4), (29, 5), (29, 6), (29, 7), (29, 8), (29, 9), (29, 10), (29, 11), (29, 12), (29, 13), (29, 14), (29, 15), (30, 0), (30, 1), (30, 2), (30, 3), (30, 4), (30, 5), (30, 6), (30, 7), (30, 8), (30, 9), (30, 10), (30, 11), (30, 12), (30, 13), (30, 14), (30, 15), (31, 0), (31, 1), (31, 2), (31, 3), (31, 4), (31, 5), (31, 6), (31, 7), (31, 8), (31, 9), (31, 10), (31, 11), (31, 12), (31, 13), (31, 14), (31, 15)]       -> 'mysterious killings and illnesses\n\nentities: The Wailing, The Wandering Earth'
  silence random [(24, 13), (2, 8), (32, 15), (25, 9), (30, 11), (13, 4), (18, 4), (6, 8), (34, 4), (19, 3), (4, 10), (30, 3), (22, 13), (20, 6), (35, 15), (28, 8), (3, 0), (5, 12), (0, 15), (21, 7), (20, 2), (12, 7), (15, 4), (34, 14), (5, 2), (20, 15), (6, 9), (35, 9), (7, 10), (34, 6), (35, 9), (28, 2), (24, 10), (15, 9), (11, 6), (11, 1), (16, 15), (4, 2), (8, 4), (2, 2), (34, 12), (33, 8), (33, 7), (13, 13), (17, 14), (31, 11), (5, 10), (7, 15), (21, 6), (15, 0), (17, 3), (14, 11), (10, 10), (27, 1), (6, 4), (14, 1), (34, 2), (1, 3), (12, 3), (25, 2), (23, 3), (2, 0), (12, 5), (7, 15)] -> 'a troubled detective'
